    -0.0006123     12.2253284
    -0.0000000      9.2546034
     0.0300779      2.6041324
    -0.0000000     -3.5619366
    -0.1704063     -6.6847634
    -0.0000002     -6.6458201
     0.4762252     -4.5128460
     0.0000003     -1.4188606
    -0.8353500      1.6229312
    -0.0000008      3.6577713
     1.0000000      4.0602932
     0.0000003      2.8906844
    -0.8353500      0.8660312
    -0.0000003     -1.0723130
     0.4762252     -2.2285800
     0.0000003     -2.3652892
    -0.1704063     -1.6533155
    -0.0000000     -0.5046897
     0.0300779      0.6061392
    -0.0000000      1.2996500
    -0.0006123      1.4043380
